[gd_resource type="SkeletonProfile" format=3 uid="uid://cuf425lqgylg"]

[resource]
group_size = 1
bone_size = 31
groups/0/group_name = &""
bones/0/bone_name = &"root"
bones/0/bone_parent = &""
bones/0/tail_direction = 0
bones/0/reference_pose = Transform3D(-1, -2.13163e-14, -1.50996e-07, -1.50996e-07, 1.78814e-07, 1, 7.10543e-15, 1, -1.19209e-07, -0.000152351, -4.3129e-05, 0.0151782)
bones/0/handle_offset = Vector2(0.5, 0.507479)
bones/0/group = &""
bones/0/require = false
bones/1/bone_name = &"spine"
bones/1/bone_parent = &"root"
bones/1/tail_direction = 0
bones/1/reference_pose = Transform3D(1, 0, -6.3573e-08, 0, 1, 0, 6.3573e-08, 0, 1, -4.93038e-32, 0.0054809, 4.1359e-25)
bones/1/handle_offset = Vector2(0.5, 0.507479)
bones/1/group = &""
bones/1/require = false
bones/2/bone_name = &"spine2"
bones/2/bone_parent = &"spine"
bones/2/tail_direction = 0
bones/2/reference_pose = Transform3D(1, 0, 1.32349e-23, 0, 1, 0, -1.32349e-23, 0, 1, 0, 0.00749484, 0)
bones/2/handle_offset = Vector2(0.5, 0.507479)
bones/2/group = &""
bones/2/require = false
bones/3/bone_name = &"head"
bones/3/bone_parent = &"spine2"
bones/3/tail_direction = 0
bones/3/reference_pose = Transform3D(1, 0, 1.32349e-23, 0, 1, 0, -1.32349e-23, 0, 1, 0, 0.00417238, 0)
bones/3/handle_offset = Vector2(0.5, 0.507479)
bones/3/group = &""
bones/3/require = false
bones/4/bone_name = &"head_end"
bones/4/bone_parent = &"head"
bones/4/tail_direction = 0
bones/4/reference_pose = Transform3D(1, 0, 0, 0, 1, 0, 0, 0, 1, 0, 0.00756592, 0)
bones/4/handle_offset = Vector2(0.5, 0.507479)
bones/4/group = &""
bones/4/require = false
bones/5/bone_name = &"shoulder.L"
bones/5/bone_parent = &"spine2"
bones/5/tail_direction = 0
bones/5/reference_pose = Transform3D(-0.572182, 0.820127, 1.04268e-08, -0.820127, -0.572182, 5.89214e-09, 1.07983e-08, -5.1799e-09, 1, 0, 0.00417238, 0)
bones/5/handle_offset = Vector2(0.5, 0.507479)
bones/5/group = &""
bones/5/require = false
bones/6/bone_name = &"upperarm.L"
bones/6/bone_parent = &"shoulder.L"
bones/6/tail_direction = 0
bones/6/reference_pose = Transform3D(0.982942, -0.182328, -0.0241213, 0.183916, 0.974451, 0.128916, 1.07102e-07, -0.131153, 0.991362, 9.94144e-10, 0.00486137, -2.0407e-17)
bones/6/handle_offset = Vector2(0.398158, 0.507479)
bones/6/group = &""
bones/6/require = false
bones/7/bone_name = &"lowerarm.L"
bones/7/bone_parent = &"upperarm.L"
bones/7/tail_direction = 0
bones/7/reference_pose = Transform3D(0.999647, -0.0262048, 0.00434897, 0.0263338, 0.956169, -0.29163, 0.00348374, 0.291641, 0.956521, 1.98289e-09, 0.00636262, 2.00297e-10)
bones/7/handle_offset = Vector2(0.251316, 0.528794)
bones/7/group = &""
bones/7/require = false
bones/8/bone_name = &"hand.L"
bones/8/bone_parent = &"lowerarm.L"
bones/8/tail_direction = 0
bones/8/reference_pose = Transform3D(0.999974, 0.00726415, -4.95347e-08, -0.00716613, 0.986481, 0.163718, 0.00118932, -0.163713, 0.986507, -4.67902e-09, 0.00509705, 6.02179e-10)
bones/8/handle_offset = Vector2(0.132895, 0.507479)
bones/8/group = &""
bones/8/require = false
bones/9/bone_name = &"hand.L_end"
bones/9/bone_parent = &"hand.L"
bones/9/tail_direction = 0
bones/9/reference_pose = Transform3D(1, 0, 0, 0, 1, 0, 0, 0, 1, 0, 0.00353066, 0)
bones/9/handle_offset = Vector2(0.05, 0.507479)
bones/9/group = &""
bones/9/require = false
bones/10/bone_name = &"shoulder.R"
bones/10/bone_parent = &"spine2"
bones/10/tail_direction = 0
bones/10/reference_pose = Transform3D(-0.572182, -0.820127, -1.85272e-07, 0.820127, -0.572182, 5.89211e-09, -1.10842e-07, -1.48575e-07, 1, 0, 0.00417238, 0)
bones/10/handle_offset = Vector2(0.5, 0.507479)
bones/10/group = &""
bones/10/require = false
bones/11/bone_name = &"upperarm.R"
bones/11/bone_parent = &"shoulder.R"
bones/11/tail_direction = 0
bones/11/reference_pose = Transform3D(0.982942, 0.182328, 0.0241213, -0.183916, 0.974451, 0.128916, -1.07102e-07, -0.131153, 0.991362, -9.94144e-10, 0.00486137, 7.30641e-17)
bones/11/handle_offset = Vector2(0.601842, 0.507479)
bones/11/group = &""
bones/11/require = false
bones/12/bone_name = &"lowerarm.R"
bones/12/bone_parent = &"upperarm.R"
bones/12/tail_direction = 0
bones/12/reference_pose = Transform3D(0.999647, 0.0262048, -0.00434897, -0.0263338, 0.956169, -0.29163, -0.00348374, 0.291641, 0.956521, -1.98289e-09, 0.00636262, 2.00297e-10)
bones/12/handle_offset = Vector2(0.748684, 0.528794)
bones/12/group = &""
bones/12/require = false
bones/13/bone_name = &"hand.R"
bones/13/bone_parent = &"lowerarm.R"
bones/13/tail_direction = 0
bones/13/reference_pose = Transform3D(0.999974, -0.00726415, 4.95347e-08, 0.00716613, 0.986481, 0.163718, -0.00118932, -0.163713, 0.986507, 4.67902e-09, 0.00509705, 6.02179e-10)
bones/13/handle_offset = Vector2(0.867105, 0.507479)
bones/13/group = &""
bones/13/require = false
bones/14/bone_name = &"hand.R_end"
bones/14/bone_parent = &"hand.R"
bones/14/tail_direction = 0
bones/14/reference_pose = Transform3D(1, 0, 0, 0, 1, 0, 0, 0, 1, 0, 0.00353066, 0)
bones/14/handle_offset = Vector2(0.95, 0.507479)
bones/14/group = &""
bones/14/require = false
bones/15/bone_name = &"upperleg.L"
bones/15/bone_parent = &"root"
bones/15/tail_direction = 0
bones/15/reference_pose = Transform3D(-1, -3.00155e-08, -1.92962e-07, -3.86156e-09, -0.984885, 0.173214, -1.95243e-07, 0.173213, 0.984891, 0.00222527, 0.00191416, -0.000997676)
bones/15/handle_offset = Vector2(0.443158, 0.532963)
bones/15/group = &""
bones/15/require = false
bones/16/bone_name = &"lowerleg.L"
bones/16/bone_parent = &"upperleg.L"
bones/16/tail_direction = 0
bones/16/reference_pose = Transform3D(1, 7.54886e-09, 1.27149e-07, -3.97213e-08, 0.966943, 0.254992, -1.21021e-07, -0.254992, 0.966943, 1.52396e-10, 0.00992894, -3.02789e-10)
bones/16/handle_offset = Vector2(0.443158, 0.489032)
bones/16/group = &""
bones/16/require = false
bones/17/bone_name = &"foot.L"
bones/17/bone_parent = &"lowerleg.L"
bones/17/tail_direction = 0
bones/17/reference_pose = Transform3D(1, -1.58001e-07, 5.76978e-08, 1.13592e-07, 0.381359, -0.924427, 1.24057e-07, 0.924427, 0.381359, 5.07407e-17, 0.00863256, -3.65773e-10)
bones/17/handle_offset = Vector2(0.443158, 0.507479)
bones/17/group = &""
bones/17/require = false
bones/18/bone_name = &"foot.L_end"
bones/18/bone_parent = &"foot.L"
bones/18/tail_direction = 0
bones/18/reference_pose = Transform3D(1, 0, 0, 0, 1, 0, 0, 0, 1, 0, 0.00437904, 0)
bones/18/handle_offset = Vector2(0.443158, 0.408004)
bones/18/group = &""
bones/18/require = false
bones/19/bone_name = &"upperleg.R"
bones/19/bone_parent = &"root"
bones/19/tail_direction = 0
bones/19/reference_pose = Transform3D(-1, -3.0161e-08, -1.94626e-07, -4.00662e-09, -0.984884, 0.173212, -1.96909e-07, 0.173212, 0.984884, -0.00222527, 0.00188275, -0.000992152)
bones/19/handle_offset = Vector2(0.556842, 0.532822)
bones/19/group = &""
bones/19/require = false
bones/20/bone_name = &"lowerleg.R"
bones/20/bone_parent = &"upperleg.R"
bones/20/tail_direction = 0
bones/20/reference_pose = Transform3D(1, 7.81198e-09, -2.16338e-07, 4.75117e-08, 0.967063, 0.254539, 2.11201e-07, -0.254539, 0.967063, -3.95898e-11, 0.00988109, -3.98988e-10)
bones/20/handle_offset = Vector2(0.556842, 0.489103)
bones/20/group = &""
bones/20/require = false
bones/21/bone_name = &"foot.R"
bones/21/bone_parent = &"lowerleg.R"
bones/21/tail_direction = 0
bones/21/reference_pose = Transform3D(1, 1.5797e-07, -5.76239e-08, -1.1357e-07, 0.381788, -0.92425, -1.24004e-07, 0.92425, 0.381788, 1.90735e-10, 0.00864799, 1.10795e-10)
bones/21/handle_offset = Vector2(0.556842, 0.507479)
bones/21/group = &""
bones/21/require = false
bones/22/bone_name = &"foot.R_end"
bones/22/bone_parent = &"foot.R"
bones/22/tail_direction = 0
bones/22/reference_pose = Transform3D(1, 0, 0, 0, 1, 0, 0, 0, 1, 0, 0.00437904, 0)
bones/22/handle_offset = Vector2(0.556842, 0.408005)
bones/22/group = &""
bones/22/require = false
bones/23/bone_name = &"klegpole.L"
bones/23/bone_parent = &""
bones/23/tail_direction = 0
bones/23/reference_pose = Transform3D(1, 0, 0, 0, 1, 0, 0, 0, 1, -0.00222527, 0.00908035, 0.0122059)
bones/23/handle_offset = Vector2(0.44705, 0.27443)
bones/23/group = &""
bones/23/require = false
bones/24/bone_name = &"klegpole.L_end"
bones/24/bone_parent = &"klegpole.L"
bones/24/tail_direction = 0
bones/24/reference_pose = Transform3D(1, 0, 0, 0, 1, 0, 0, 0, 1, 0, 0.00309066, 0)
bones/24/handle_offset = Vector2(0.44705, 0.195482)
bones/24/group = &""
bones/24/require = false
bones/25/bone_name = &"ktarget.L"
bones/25/bone_parent = &""
bones/25/tail_direction = 0
bones/25/reference_pose = Transform3D(0.994777, -0.0859363, 0.0550851, -0.0999259, -0.930022, 0.353659, 0.0208382, -0.357316, -0.933751, -0.00268774, 0.0139311, -0.0023137)
bones/25/handle_offset = Vector2(0.435236, 0.150522)
bones/25/group = &""
bones/25/require = false
bones/26/bone_name = &"ktarget.L_end"
bones/26/bone_parent = &"ktarget.L"
bones/26/tail_direction = 0
bones/26/reference_pose = Transform3D(1, 0, 0, 0, 1, 0, 0, 0, 1, 0, 0.00259615, 0)
bones/26/handle_offset = Vector2(0.429537, 0.212198)
bones/26/group = &""
bones/26/require = false
bones/27/bone_name = &"klegpole.R"
bones/27/bone_parent = &""
bones/27/tail_direction = 0
bones/27/reference_pose = Transform3D(1, 0, 0, 0, 1, 0, 0, 0, 1, 0.00222527, 0.00908035, 0.0122059)
bones/27/handle_offset = Vector2(0.560734, 0.27443)
bones/27/group = &""
bones/27/require = false
bones/28/bone_name = &"klegpole.R_end"
bones/28/bone_parent = &"klegpole.R"
bones/28/tail_direction = 0
bones/28/reference_pose = Transform3D(1, 0, 0, 0, 1, 0, 0, 0, 1, 0, 0.00309066, 0)
bones/28/handle_offset = Vector2(0.560734, 0.195482)
bones/28/group = &""
bones/28/require = false
bones/29/bone_name = &"ktarget.R"
bones/29/bone_parent = &""
bones/29/tail_direction = 0
bones/29/reference_pose = Transform3D(0.999332, 0.0322799, -0.0171143, -0.0232311, 0.199855, -0.97955, -0.0281994, 0.979294, 0.200471, 0.00238713, -0.0134318, 0.0102382)
bones/29/handle_offset = Vector2(0.564868, 0.849478)
bones/29/group = &""
bones/29/require = false
bones/30/bone_name = &"ktarget.R_end"
bones/30/bone_parent = &"ktarget.R"
bones/30/tail_direction = 0
bones/30/reference_pose = Transform3D(1, 0, 0, 0, 1, 0, 0, 0, 1, 0, 0.00259615, 0)
bones/30/handle_offset = Vector2(0.567009, 0.836224)
bones/30/group = &""
bones/30/require = false
